gen		id		dom		parent_id		variation_type		fitness		parent_fitness		age		parent_age		num_voxels		parent_num_voxels		energy		parent_energy		material_different_from_parent		mean_material		mean_parent_material		mean_parent_diff_material
0		11		0		-1		newly_generated		2.2174		-10000000.0		0		10000000.0		216		10000000.0		216		10000000.0		
1		11		0		-1		survived		2.2174		-10000000.0		1		10000000.0		216		10000000.0		216		10000000.0		
2		11		0		-1		survived		2.2174		-10000000.0		2		10000000.0		216		10000000.0		216		10000000.0		
3		59		0		42		add_node		2.26071		0.854744		3		3		172		194		172		194		
4		66		0		44		remove_link		3.22019		0.460791		4		4		96		96		96		96		
5		87		0		63		remove_link		3.77512		2.2743		5		5		216		216		216		216		
6		87		0		63		survived		3.77512		2.2743		6		5		216		216		216		216		
7		87		0		63		survived		3.77512		2.2743		7		5		216		216		216		216		
8		87		0		63		survived		3.77512		2.2743		8		5		216		216		216		216		
9		87		0		63		survived		3.77512		2.2743		9		5		216		216		216		216		
10		170		0		87		remove_node		3.83698		3.77512		10		10		216		216		216		216		
11		170		0		87		survived		3.83698		3.77512		11		10		216		216		216		216		
12		195		0		181		add_link		3.93162		3.81609		5		5		152		151		152		151		
13		213		0		170		mutate_weight(0.2887757914787461)		4.07904		3.83698		13		13		216		216		216		216		
14		231		0		213		add_link		4.09665		4.07904		14		14		216		216		216		216		
15		231		0		213		survived		4.09665		4.07904		15		14		216		216		216		216		
16		259		0		252		mutate_weight(-0.44547707252185675)		4.19299		3.99838		9		9		148		145		148		145		
17		259		0		252		survived		4.19299		3.99838		10		9		148		145		148		145		
18		259		0		252		survived		4.19299		3.99838		11		9		148		145		148		145		
19		259		0		252		survived		4.19299		3.99838		12		9		148		145		148		145		
20		259		0		252		survived		4.19299		3.99838		13		9		148		145		148		145		
21		259		0		252		survived		4.19299		3.99838		14		9		148		145		148		145		
22		259		0		252		survived		4.19299		3.99838		15		9		148		145		148		145		
23		259		0		252		survived		4.19299		3.99838		16		9		148		145		148		145		
24		259		0		252		survived		4.19299		3.99838		17		9		148		145		148		145		
25		259		0		252		survived		4.19299		3.99838		18		9		148		145		148		145		
26		259		0		252		survived		4.19299		3.99838		19		9		148		145		148		145		
27		259		0		252		survived		4.19299		3.99838		20		9		148		145		148		145		
28		259		0		252		survived		4.19299		3.99838		21		9		148		145		148		145		
29		259		0		252		survived		4.19299		3.99838		22		9		148		145		148		145		
30		259		0		252		survived		4.19299		3.99838		23		9		148		145		148		145		
31		259		0		252		survived		4.19299		3.99838		24		9		148		145		148		145		
32		259		0		252		survived		4.19299		3.99838		25		9		148		145		148		145		
33		536		0		519		remove_link		4.78596		2.59139		9		9		216		216		127		127		
34		536		0		519		survived		4.78596		2.59139		10		9		216		216		127		127		
35		536		0		519		survived		4.78596		2.59139		11		9		216		216		127		127		
36		536		0		519		survived		4.78596		2.59139		12		9		216		216		127		127		
37		601		0		575		remove_node		5.15698		4.26897		13		13		216		216		167		109		
38		620		0		601		add_link		5.18384		5.15698		14		14		216		216		167		167		
39		637		0		620		add_link		5.43179		5.18384		15		15		216		216		167		167		
40		637		0		620		survived		5.43179		5.18384		16		15		216		216		167		167		
41		637		0		620		survived		5.43179		5.18384		17		15		216		216		167		167		
42		674		0		666		mutate_function(sin-to-absolute)		5.62497		4.89784		18		18		216		216		216		120		
43		674		0		666		survived		5.62497		4.89784		19		18		216		216		216		120		
44		712		0		674		add_link		5.73243		5.62497		20		20		216		216		216		216		
45		712		0		674		survived		5.73243		5.62497		21		20		216		216		216		216		
46		712		0		674		survived		5.73243		5.62497		22		20		216		216		216		216		
47		712		0		674		survived		5.73243		5.62497		23		20		216		216		216		216		
48		712		0		674		survived		5.73243		5.62497		24		20		216		216		216		216		
49		712		0		674		survived		5.73243		5.62497		25		20		216		216		216		216		
50		712		0		674		survived		5.73243		5.62497		26		20		216		216		216		216		
51		712		0		674		survived		5.73243		5.62497		27		20		216		216		216		216		
52		712		0		674		survived		5.73243		5.62497		28		20		216		216		216		216		
53		712		0		674		survived		5.73243		5.62497		29		20		216		216		216		216		
54		712		0		674		survived		5.73243		5.62497		30		20		216		216		216		216		
55		712		0		674		survived		5.73243		5.62497		31		20		216		216		216		216		
56		712		0		674		survived		5.73243		5.62497		32		20		216		216		216		216		
57		917		0		817		add_link		6.07834		5.57669		33		33		216		216		173		173		
58		941		0		917		add_link		6.09703		6.07834		34		34		216		216		177		173		
59		941		0		917		survived		6.09703		6.07834		35		34		216		216		177		173		
60		941		0		917		survived		6.09703		6.07834		36		34		216		216		177		173		
61		941		0		917		survived		6.09703		6.07834		37		34		216		216		177		173		
62		941		0		917		survived		6.09703		6.07834		38		34		216		216		177		173		
63		941		0		917		survived		6.09703		6.07834		39		34		216		216		177		173		
64		1030		0		941		add_link		6.09745		6.09703		40		40		216		216		181		177		
65		1030		0		941		survived		6.09745		6.09703		41		40		216		216		181		177		
66		1030		0		941		survived		6.09745		6.09703		42		40		216		216		181		177		
67		1030		0		941		survived		6.09745		6.09703		43		40		216		216		181		177		
68		1088		0		941		add_link		6.09745		6.09703		44		44		216		216		177		177		
69		1088		0		941		survived		6.09745		6.09703		45		44		216		216		177		177		
70		1088		0		941		survived		6.09745		6.09703		46		44		216		216		177		177		
71		1139		0		1088		remove_link		6.13125		6.09745		47		47		216		216		183		177		
72		1139		0		1088		survived		6.13125		6.09745		48		47		216		216		183		177		
73		1179		0		1164		add_node		6.15647		6.03669		49		49		216		216		181		171		
74		1179		0		1164		survived		6.15647		6.03669		50		49		216		216		181		171		
75		1179		0		1164		survived		6.15647		6.03669		51		49		216		216		181		171		
76		1179		0		1164		survived		6.15647		6.03669		52		49		216		216		181		171		
77		1179		0		1164		survived		6.15647		6.03669		53		49		216		216		181		171		
78		1179		0		1164		survived		6.15647		6.03669		54		49		216		216		181		171		
79		1179		0		1164		survived		6.15647		6.03669		55		49		216		216		181		171		
80		1179		0		1164		survived		6.15647		6.03669		56		49		216		216		181		171		
81		1179		0		1164		survived		6.15647		6.03669		57		49		216		216		181		171		
82		1179		0		1164		survived		6.15647		6.03669		58		49		216		216		181		171		
83		1335		0		1302		remove_link		6.15647		6.14744		59		59		216		216		180		180		
84		1335		0		1302		survived		6.15647		6.14744		60		59		216		216		180		180		
85		1335		0		1302		survived		6.15647		6.14744		61		59		216		216		180		180		
86		1335		0		1302		survived		6.15647		6.14744		62		59		216		216		180		180		
87		1335		0		1302		survived		6.15647		6.14744		63		59		216		216		180		180		
88		1335		0		1302		survived		6.15647		6.14744		64		59		216		216		180		180		
89		1335		0		1302		survived		6.15647		6.14744		65		59		216		216		180		180		
90		1335		0		1302		survived		6.15647		6.14744		66		59		216		216		180		180		
91		1335		0		1302		survived		6.15647		6.14744		67		59		216		216		180		180		
92		1335		0		1302		survived		6.15647		6.14744		68		59		216		216		180		180		
93		1335		0		1302		survived		6.15647		6.14744		69		59		216		216		180		180		
94		1511		0		1472		remove_link		6.43029		6.1541		70		70		216		216		178		170		
95		1511		0		1472		survived		6.43029		6.1541		71		70		216		216		178		170		
96		1511		0		1472		survived		6.43029		6.1541		72		70		216		216		178		170		
97		1511		0		1472		survived		6.43029		6.1541		73		70		216		216		178		170		
98		1511		0		1472		survived		6.43029		6.1541		74		70		216		216		178		170		
99		1511		0		1472		survived		6.43029		6.1541		75		70		216		216		178		170		
100		1511		0		1472		survived		6.43029		6.1541		76		70		216		216		178		170		
101		1511		0		1472		survived		6.43029		6.1541		77		70		216		216		178		170		
102		1511		0		1472		survived		6.43029		6.1541		78		70		216		216		178		170		
103		1511		0		1472		survived		6.43029		6.1541		79		70		216		216		178		170		
104		1511		0		1472		survived		6.43029		6.1541		80		70		216		216		178		170		
105		1511		0		1472		survived		6.43029		6.1541		81		70		216		216		178		170		
106		1511		0		1472		survived		6.43029		6.1541		82		70		216		216		178		170		
107		1511		0		1472		survived		6.43029		6.1541		83		70		216		216		178		170		
108		1511		0		1472		survived		6.43029		6.1541		84		70		216		216		178		170		
109		1511		0		1472		survived		6.43029		6.1541		85		70		216		216		178		170		
110		1511		0		1472		survived		6.43029		6.1541		86		70		216		216		178		170		
111		1511		0		1472		survived		6.43029		6.1541		87		70		216		216		178		170		
112		1511		0		1472		survived		6.43029		6.1541		88		70		216		216		178		170		
113		1511		0		1472		survived		6.43029		6.1541		89		70		216		216		178		170		
114		1511		0		1472		survived		6.43029		6.1541		90		70		216		216		178		170		
115		1511		0		1472		survived		6.43029		6.1541		91		70		216		216		178		170		
116		1511		0		1472		survived		6.43029		6.1541		92		70		216		216		178		170		
117		1511		0		1472		survived		6.43029		6.1541		93		70		216		216		178		170		
118		1511		0		1472		survived		6.43029		6.1541		94		70		216		216		178		170		
119		1511		0		1472		survived		6.43029		6.1541		95		70		216		216		178		170		
120		1511		0		1472		survived		6.43029		6.1541		96		70		216		216		178		170		
121		1511		0		1472		survived		6.43029		6.1541		97		70		216		216		178		170		
122		1511		0		1472		survived		6.43029		6.1541		98		70		216		216		178		170		
123		1511		0		1472		survived		6.43029		6.1541		99		70		216		216		178		170		
124		1991		0		1869		add_link		6.43361		6.42466		100		100		216		216		176		172		
125		1991		0		1869		survived		6.43361		6.42466		101		100		216		216		176		172		
126		1991		0		1869		survived		6.43361		6.42466		102		100		216		216		176		172		
127		1991		0		1869		survived		6.43361		6.42466		103		100		216		216		176		172		
128		1991		0		1869		survived		6.43361		6.42466		104		100		216		216		176		172		
129		1991		0		1869		survived		6.43361		6.42466		105		100		216		216		176		172		
130		1991		0		1869		survived		6.43361		6.42466		106		100		216		216		176		172		
131		1991		0		1869		survived		6.43361		6.42466		107		100		216		216		176		172		
132		1991		0		1869		survived		6.43361		6.42466		108		100		216		216		176		172		
133		1991		0		1869		survived		6.43361		6.42466		109		100		216		216		176		172		
134		1991		0		1869		survived		6.43361		6.42466		110		100		216		216		176		172		
135		1991		0		1869		survived		6.43361		6.42466		111		100		216		216		176		172		
136		1991		0		1869		survived		6.43361		6.42466		112		100		216		216		176		172		
137		1991		0		1869		survived		6.43361		6.42466		113		100		216		216		176		172		
138		1991		0		1869		survived		6.43361		6.42466		114		100		216		216		176		172		
139		1991		0		1869		survived		6.43361		6.42466		115		100		216		216		176		172		
140		1991		0		1869		survived		6.43361		6.42466		116		100		216		216		176		172		
141		1991		0		1869		survived		6.43361		6.42466		117		100		216		216		176		172		
142		1991		0		1869		survived		6.43361		6.42466		118		100		216		216		176		172		
143		1991		0		1869		survived		6.43361		6.42466		119		100		216		216		176		172		
144		1991		0		1869		survived		6.43361		6.42466		120		100		216		216		176		172		
145		2328		0		2318		mutate_weight(-0.053282884965765887)		6.56923		6.32285		1		1		216		216		216		216		
146		2328		0		2318		survived		6.56923		6.32285		2		1		216		216		216		216		
147		2328		0		2318		survived		6.56923		6.32285		3		1		216		216		216		216		
148		2328		0		2318		survived		6.56923		6.32285		4		1		216		216		216		216		
149		2328		0		2318		survived		6.56923		6.32285		5		1		216		216		216		216		
150		2328		0		2318		survived		6.56923		6.32285		6		1		216		216		216		216		
151		2328		0		2318		survived		6.56923		6.32285		7		1		216		216		216		216		
152		2328		0		2318		survived		6.56923		6.32285		8		1		216		216		216		216		
153		2328		0		2318		survived		6.56923		6.32285		9		1		216		216		216		216		
154		2328		0		2318		survived		6.56923		6.32285		10		1		216		216		216		216		
155		2328		0		2318		survived		6.56923		6.32285		11		1		216		216		216		216		
156		2328		0		2318		survived		6.56923		6.32285		12		1		216		216		216		216		
157		2328		0		2318		survived		6.56923		6.32285		13		1		216		216		216		216		
158		2328		0		2318		survived		6.56923		6.32285		14		1		216		216		216		216		
159		2328		0		2318		survived		6.56923		6.32285		15		1		216		216		216		216		
160		2328		0		2318		survived		6.56923		6.32285		16		1		216		216		216		216		
161		2328		0		2318		survived		6.56923		6.32285		17		1		216		216		216		216		
162		2328		0		2318		survived		6.56923		6.32285		18		1		216		216		216		216		
163		2328		0		2318		survived		6.56923		6.32285		19		1		216		216		216		216		
164		2328		0		2318		survived		6.56923		6.32285		20		1		216		216		216		216		
165		2328		0		2318		survived		6.56923		6.32285		21		1		216		216		216		216		
166		2328		0		2318		survived		6.56923		6.32285		22		1		216		216		216		216		
167		2328		0		2318		survived		6.56923		6.32285		23		1		216		216		216		216		
168		2328		0		2318		survived		6.56923		6.32285		24		1		216		216		216		216		
169		2328		0		2318		survived		6.56923		6.32285		25		1		216		216		216		216		
170		2328		0		2318		survived		6.56923		6.32285		26		1		216		216		216		216		
171		2328		0		2318		survived		6.56923		6.32285		27		1		216		216		216		216		
172		2328		0		2318		survived		6.56923		6.32285		28		1		216		216		216		216		
173		2328		0		2318		survived		6.56923		6.32285		29		1		216		216		216		216		
174		2328		0		2318		survived		6.56923		6.32285		30		1		216		216		216		216		
175		2328		0		2318		survived		6.56923		6.32285		31		1		216		216		216		216		
176		2328		0		2318		survived		6.56923		6.32285		32		1		216		216		216		216		
177		2328		0		2318		survived		6.56923		6.32285		33		1		216		216		216		216		
178		2328		0		2318		survived		6.56923		6.32285		34		1		216		216		216		216		
179		2328		0		2318		survived		6.56923		6.32285		35		1		216		216		216		216		
180		2328		0		2318		survived		6.56923		6.32285		36		1		216		216		216		216		
181		2328		0		2318		survived		6.56923		6.32285		37		1		216		216		216		216		
182		2328		0		2318		survived		6.56923		6.32285		38		1		216		216		216		216		
183		2328		0		2318		survived		6.56923		6.32285		39		1		216		216		216		216		
184		2328		0		2318		survived		6.56923		6.32285		40		1		216		216		216		216		
185		2328		0		2318		survived		6.56923		6.32285		41		1		216		216		216		216		
186		2328		0		2318		survived		6.56923		6.32285		42		1		216		216		216		216		
187		2328		0		2318		survived		6.56923		6.32285		43		1		216		216		216		216		
188		2328		0		2318		survived		6.56923		6.32285		44		1		216		216		216		216		
189		2328		0		2318		survived		6.56923		6.32285		45		1		216		216		216		216		
190		2328		0		2318		survived		6.56923		6.32285		46		1		216		216		216		216		
191		2328		0		2318		survived		6.56923		6.32285		47		1		216		216		216		216		
192		2328		0		2318		survived		6.56923		6.32285		48		1		216		216		216		216		
193		2328		0		2318		survived		6.56923		6.32285		49		1		216		216		216		216		
194		2328		0		2318		survived		6.56923		6.32285		50		1		216		216		216		216		
195		2328		0		2318		survived		6.56923		6.32285		51		1		216		216		216		216		
196		2328		0		2318		survived		6.56923		6.32285		52		1		216		216		216		216		
197		2328		0		2318		survived		6.56923		6.32285		53		1		216		216		216		216		
198		2328		0		2318		survived		6.56923		6.32285		54		1		216		216		216		216		
199		2328		0		2318		survived		6.56923		6.32285		55		1		216		216		216		216		
200		2328		0		2318		survived		6.56923		6.32285		56		1		216		216		216		216		
201		2328		0		2318		survived		6.56923		6.32285		57		1		216		216		216		216		
202		2328		0		2318		survived		6.56923		6.32285		58		1		216		216		216		216		
203		2328		0		2318		survived		6.56923		6.32285		59		1		216		216		216		216		
204		2328		0		2318		survived		6.56923		6.32285		60		1		216		216		216		216		
205		2328		0		2318		survived		6.56923		6.32285		61		1		216		216		216		216		
206		2328		0		2318		survived		6.56923		6.32285		62		1		216		216		216		216		
207		2328		0		2318		survived		6.56923		6.32285		63		1		216		216		216		216		
208		2328		0		2318		survived		6.56923		6.32285		64		1		216		216		216		216		
209		2328		0		2318		survived		6.56923		6.32285		65		1		216		216		216		216		
210		2328		0		2318		survived		6.56923		6.32285		66		1		216		216		216		216		
211		2328		0		2318		survived		6.56923		6.32285		67		1		216		216		216		216		
212		2328		0		2318		survived		6.56923		6.32285		68		1		216		216		216		216		
213		2328		0		2318		survived		6.56923		6.32285		69		1		216		216		216		216		
214		2328		0		2318		survived		6.56923		6.32285		70		1		216		216		216		216		
215		2328		0		2318		survived		6.56923		6.32285		71		1		216		216		216		216		
216		2328		0		2318		survived		6.56923		6.32285		72		1		216		216		216		216		
217		2328		0		2318		survived		6.56923		6.32285		73		1		216		216		216		216		
218		2328		0		2318		survived		6.56923		6.32285		74		1		216		216		216		216		
219		2328		0		2318		survived		6.56923		6.32285		75		1		216		216		216		216		
220		2328		0		2318		survived		6.56923		6.32285		76		1		216		216		216		216		
221		2328		0		2318		survived		6.56923		6.32285		77		1		216		216		216		216		
222		2328		0		2318		survived		6.56923		6.32285		78		1		216		216		216		216		
223		2328		0		2318		survived		6.56923		6.32285		79		1		216		216		216		216		
224		2328		0		2318		survived		6.56923		6.32285		80		1		216		216		216		216		
225		2328		0		2318		survived		6.56923		6.32285		81		1		216		216		216		216		
226		2328		0		2318		survived		6.56923		6.32285		82		1		216		216		216		216		
227		2328		0		2318		survived		6.56923		6.32285		83		1		216		216		216		216		
228		2328		0		2318		survived		6.56923		6.32285		84		1		216		216		216		216		
229		2328		0		2318		survived		6.56923		6.32285		85		1		216		216		216		216		
230		2328		0		2318		survived		6.56923		6.32285		86		1		216		216		216		216		
231		2328		0		2318		survived		6.56923		6.32285		87		1		216		216		216		216		
232		2328		0		2318		survived		6.56923		6.32285		88		1		216		216		216		216		
233		2328		0		2318		survived		6.56923		6.32285		89		1		216		216		216		216		
234		2328		0		2318		survived		6.56923		6.32285		90		1		216		216		216		216		
235		2328		0		2318		survived		6.56923		6.32285		91		1		216		216		216		216		
236		2328		0		2318		survived		6.56923		6.32285		92		1		216		216		216		216		
237		2328		0		2318		survived		6.56923		6.32285		93		1		216		216		216		216		
238		2328		0		2318		survived		6.56923		6.32285		94		1		216		216		216		216		
239		2328		0		2318		survived		6.56923		6.32285		95		1		216		216		216		216		
240		2328		0		2318		survived		6.56923		6.32285		96		1		216		216		216		216		
241		2328		0		2318		survived		6.56923		6.32285		97		1		216		216		216		216		
242		2328		0		2318		survived		6.56923		6.32285		98		1		216		216		216		216		
243		2328		0		2318		survived		6.56923		6.32285		99		1		216		216		216		216		
244		2328		0		2318		survived		6.56923		6.32285		100		1		216		216		216		216		
245		2328		0		2318		survived		6.56923		6.32285		101		1		216		216		216		216		
246		2328		0		2318		survived		6.56923		6.32285		102		1		216		216		216		216		
247		2328		0		2318		survived		6.56923		6.32285		103		1		216		216		216		216		
248		2328		0		2318		survived		6.56923		6.32285		104		1		216		216		216		216		
249		2328		0		2318		survived		6.56923		6.32285		105		1		216		216		216		216		
250		2328		0		2318		survived		6.56923		6.32285		106		1		216		216		216		216		
251		4027		0		3742		add_link		6.60156		6.50329		18		18		216		216		216		216		
252		4027		0		3742		survived		6.60156		6.50329		19		18		216		216		216		216		
253		4027		0		3742		survived		6.60156		6.50329		20		18		216		216		216		216		
254		4027		0		3742		survived		6.60156		6.50329		21		18		216		216		216		216		
255		4027		0		3742		survived		6.60156		6.50329		22		18		216		216		216		216		
256		4027		0		3742		survived		6.60156		6.50329		23		18		216		216		216		216		
257		4027		0		3742		survived		6.60156		6.50329		24		18		216		216		216		216		
258		4027		0		3742		survived		6.60156		6.50329		25		18		216		216		216		216		
259		4027		0		3742		survived		6.60156		6.50329		26		18		216		216		216		216		
260		4027		0		3742		survived		6.60156		6.50329		27		18		216		216		216		216		
261		4027		0		3742		survived		6.60156		6.50329		28		18		216		216		216		216		
262		4027		0		3742		survived		6.60156		6.50329		29		18		216		216		216		216		
263		4027		0		3742		survived		6.60156		6.50329		30		18		216		216		216		216		
264		4027		0		3742		survived		6.60156		6.50329		31		18		216		216		216		216		
265		4027		0		3742		survived		6.60156		6.50329		32		18		216		216		216		216		
266		4027		0		3742		survived		6.60156		6.50329		33		18		216		216		216		216		
267		4027		0		3742		survived		6.60156		6.50329		34		18		216		216		216		216		
268		4027		0		3742		survived		6.60156		6.50329		35		18		216		216		216		216		
269		4027		0		3742		survived		6.60156		6.50329		36		18		216		216		216		216		
270		4027		0		3742		survived		6.60156		6.50329		37		18		216		216		216		216		
271		4027		0		3742		survived		6.60156		6.50329		38		18		216		216		216		216		
272		4027		0		3742		survived		6.60156		6.50329		39		18		216		216		216		216		
273		4027		0		3742		survived		6.60156		6.50329		40		18		216		216		216		216		
274		4027		0		3742		survived		6.60156		6.50329		41		18		216		216		216		216		
275		4027		0		3742		survived		6.60156		6.50329		42		18		216		216		216		216		
276		4418		0		4027		add_link		6.62797		6.60156		43		43		216		216		216		216		
277		4418		0		4027		survived		6.62797		6.60156		44		43		216		216		216		216		
278		4418		0		4027		survived		6.62797		6.60156		45		43		216		216		216		216		
279		4418		0		4027		survived		6.62797		6.60156		46		43		216		216		216		216		
280		4418		0		4027		survived		6.62797		6.60156		47		43		216		216		216		216		
281		4418		0		4027		survived		6.62797		6.60156		48		43		216		216		216		216		
282		4418		0		4027		survived		6.62797		6.60156		49		43		216		216		216		216		
283		4418		0		4027		survived		6.62797		6.60156		50		43		216		216		216		216		
284		4418		0		4027		survived		6.62797		6.60156		51		43		216		216		216		216		
285		4418		0		4027		survived		6.62797		6.60156		52		43		216		216		216		216		
286		4418		0		4027		survived		6.62797		6.60156		53		43		216		216		216		216		
287		4418		0		4027		survived		6.62797		6.60156		54		43		216		216		216		216		
288		4418		0		4027		survived		6.62797		6.60156		55		43		216		216		216		216		
289		4418		0		4027		survived		6.62797		6.60156		56		43		216		216		216		216		
290		4418		0		4027		survived		6.62797		6.60156		57		43		216		216		216		216		
291		4418		0		4027		survived		6.62797		6.60156		58		43		216		216		216		216		
292		4418		0		4027		survived		6.62797		6.60156		59		43		216		216		216		216		
293		4418		0		4027		survived		6.62797		6.60156		60		43		216		216		216		216		
294		4418		0		4027		survived		6.62797		6.60156		61		43		216		216		216		216		
295		4722		0		4418		add_link		6.65216		6.62797		62		62		216		216		216		216		
296		4722		0		4418		survived		6.65216		6.62797		63		62		216		216		216		216		
297		4722		0		4418		survived		6.65216		6.62797		64		62		216		216		216		216		
298		4722		0		4418		survived		6.65216		6.62797		65		62		216		216		216		216		
299		4722		0		4418		survived		6.65216		6.62797		66		62		216		216		216		216		
300		4722		0		4418		survived		6.65216		6.62797		67		62		216		216		216		216		
301		4722		0		4418		survived		6.65216		6.62797		68		62		216		216		216		216		
302		4722		0		4418		survived		6.65216		6.62797		69		62		216		216		216		216		
303		4722		0		4418		survived		6.65216		6.62797		70		62		216		216		216		216		
304		4722		0		4418		survived		6.65216		6.62797		71		62		216		216		216		216		
305		4722		0		4418		survived		6.65216		6.62797		72		62		216		216		216		216		
306		4722		0		4418		survived		6.65216		6.62797		73		62		216		216		216		216		
307		4722		0		4418		survived		6.65216		6.62797		74		62		216		216		216		216		
308		4722		0		4418		survived		6.65216		6.62797		75		62		216		216		216		216		
309		4722		0		4418		survived		6.65216		6.62797		76		62		216		216		216		216		
310		4722		0		4418		survived		6.65216		6.62797		77		62		216		216		216		216		
311		4722		0		4418		survived		6.65216		6.62797		78		62		216		216		216		216		
312		4722		0		4418		survived		6.65216		6.62797		79		62		216		216		216		216		
313		4722		0		4418		survived		6.65216		6.62797		80		62		216		216		216		216		
314		5026		0		4722		mutate_function(neg_abs-to-absolute)		6.65572		6.65216		81		81		216		216		216		216		
315		5026		0		4722		survived		6.65572		6.65216		82		81		216		216		216		216		
316		5026		0		4722		survived		6.65572		6.65216		83		81		216		216		216		216		
317		5084		0		5061		mutate_weight(-0.07618277794095485)		6.65572		6.65216		84		84		216		216		216		216		
318		5084		0		5061		survived		6.65572		6.65216		85		84		216		216		216		216		
319		5084		0		5061		survived		6.65572		6.65216		86		84		216		216		216		216		
320		5084		0		5061		survived		6.65572		6.65216		87		84		216		216		216		216		
321		5084		0		5061		survived		6.65572		6.65216		88		84		216		216		216		216		
322		5084		0		5061		survived		6.65572		6.65216		89		84		216		216		216		216		
323		5084		0		5061		survived		6.65572		6.65216		90		84		216		216		216		216		
324		5084		0		5061		survived		6.65572		6.65216		91		84		216		216		216		216		
325		5084		0		5061		survived		6.65572		6.65216		92		84		216		216		216		216		
326		5084		0		5061		survived		6.65572		6.65216		93		84		216		216		216		216		
327		5084		0		5061		survived		6.65572		6.65216		94		84		216		216		216		216		
328		5084		0		5061		survived		6.65572		6.65216		95		84		216		216		216		216		
329		5084		0		5061		survived		6.65572		6.65216		96		84		216		216		216		216		
330		5084		0		5061		survived		6.65572		6.65216		97		84		216		216		216		216		
331		5084		0		5061		survived		6.65572		6.65216		98		84		216		216		216		216		
332		5084		0		5061		survived		6.65572		6.65216		99		84		216		216		216		216		
333		5084		0		5061		survived		6.65572		6.65216		100		84		216		216		216		216		
334		5084		0		5061		survived		6.65572		6.65216		101		84		216		216		216		216		
335		5084		0		5061		survived		6.65572		6.65216		102		84		216		216		216		216		
336		5084		0		5061		survived		6.65572		6.65216		103		84		216		216		216		216		
337		5084		0		5061		survived		6.65572		6.65216		104		84		216		216		216		216		
338		5084		0		5061		survived		6.65572		6.65216		105		84		216		216		216		216		
339		5084		0		5061		survived		6.65572		6.65216		106		84		216		216		216		216		
340		5084		0		5061		survived		6.65572		6.65216		107		84		216		216		216		216		
341		5084		0		5061		survived		6.65572		6.65216		108		84		216		216		216		216		
342		5084		0		5061		survived		6.65572		6.65216		109		84		216		216		216		216		
343		5084		0		5061		survived		6.65572		6.65216		110		84		216		216		216		216		
344		5084		0		5061		survived		6.65572		6.65216		111		84		216		216		216		216		
345		5084		0		5061		survived		6.65572		6.65216		112		84		216		216		216		216		
346		5084		0		5061		survived		6.65572		6.65216		113		84		216		216		216		216		
347		5084		0		5061		survived		6.65572		6.65216		114		84		216		216		216		216		
348		5084		0		5061		survived		6.65572		6.65216		115		84		216		216		216		216		
349		5084		0		5061		survived		6.65572		6.65216		116		84		216		216		216		216		
350		5084		0		5061		survived		6.65572		6.65216		117		84		216		216		216		216		
351		5084		0		5061		survived		6.65572		6.65216		118		84		216		216		216		216		
352		5084		0		5061		survived		6.65572		6.65216		119		84		216		216		216		216		
353		5084		0		5061		survived		6.65572		6.65216		120		84		216		216		216		216		
354		5084		0		5061		survived		6.65572		6.65216		121		84		216		216		216		216		
355		5084		0		5061		survived		6.65572		6.65216		122		84		216		216		216		216		
356		5084		0		5061		survived		6.65572		6.65216		123		84		216		216		216		216		
